a=5.85658884048461910000	b=-49.38532257080078100000	c=29.22683143615722700000	d=-20.17658042907714800000	e=5.57536411285400390000	
a=5.85658884048461910000	b=-49.38532257080078100000	c=29.22683525085449200000	d=-20.17658042907714800000	e=5.57536363601684570000	
