Coefficients:

a[0]=   4.19545321795304460
a[1]=  -0.20972521943348243
a[2]=  -1.45901932155793720
a[3]=   4.11442683661917740
a[4]=   5.31723543985134220
a[5]=  -1.05497421338069850

Dots: 

x = -3.77	y = 1641.33
x = -2.66	y =  323.69
x = -1.55	y =   25.82
x = -0.44	y =    3.87
x =  0.67	y =    5.57
x =  1.78	y =   56.93
x =  2.89	y =  248.95
x =  4.01	y =  526.21
x =  5.12	y =  459.22

R = 1.5763718614 
